code,areaName,BadHealth,FairHealth,GoodHealth,VeryBadHealth,VeryGoodHealth
E02000001,City of London 001,2.167074449493184,8.00419433764418,31.7604567167657,0.5475940813235466,57.52068041477338
E02000002,Barking and Dagenham 001,4.323149378094433,12.087912087912088,31.94058688564183,1.6785412389807994,49.969810409370844
E02000003,Barking and Dagenham 002,3.1883555709582394,10.760700051984058,33.694333737653785,0.9097210188875412,51.44688962051638
E02000004,Barking and Dagenham 003,3.9451889775636197,12.513175726547207,33.68468604125885,0.8131305526276164,49.04381870200271
E02000005,Barking and Dagenham 004,3.1853456054863742,10.693015701136979,32.232449016423026,1.2181916621548459,52.670998014798776
E02000007,Barking and Dagenham 006,4.418421570556977,11.611887423735485,32.50344420389687,1.5548120448730565,49.91143475693761
E02000008,Barking and Dagenham 007,4.633962264150943,12.060377358490566,32.9811320754717,1.4943396226415095,48.83018867924528
E02000009,Barking and Dagenham 008,3.630286069651741,10.595460199004975,32.074004975124375,1.0261194029850746,52.67412935323384
E02000010,Barking and Dagenham 009,4.215407313731689,11.465907893350195,33.31225629676467,1.1170829381388976,49.88934555801454
E02000011,Barking and Dagenham 010,4.322479738376226,11.104791696288924,33.41390587231622,0.8815583676951514,50.27726432532348
E02000012,Barking and Dagenham 011,2.9710711493354185,11.510728868039267,33.70688906263574,0.8774215967335592,50.93388932325602
E02000013,Barking and Dagenham 012,4.479676526920621,11.481166205575654,32.62396254522239,1.2449457331347094,50.17024898914663
E02000014,Barking and Dagenham 013,4.044602128737963,13.025848960973137,33.988849467815506,1.1251900658895082,47.81550937658388
E02000015,Barking and Dagenham 014,3.974234321827905,12.080700048614487,32.45017015070491,1.1424404472532814,50.35245503159942
E02000016,Barking and Dagenham 015,2.6584673604541154,9.12961210974456,32.82876064333018,1.0028382213812679,54.38032166508988
E02000017,Barking and Dagenham 016,3.438081681813205,10.686521405890726,34.80783970217891,0.9744881200043798,50.09306909011278
E02000018,Barking and Dagenham 017,3.948057388208189,10.713163682060948,33.469473243271544,1.4661221070269137,50.4031835794324
E02000019,Barking and Dagenham 018,3.80794701986755,11.589403973509933,33.5885761589404,1.1175496688741722,49.896523178807946
E02000020,Barking and Dagenham 019,3.0598448729808583,10.239806447021989,33.8006119689746,0.9179534618942574,51.9817832491283
E02000021,Barking and Dagenham 020,3.4136316931156525,10.94873844046124,32.00137001940861,0.9704304144308711,52.665829432583635
E02000022,Barking and Dagenham 021,2.8169014084507045,8.295645432226385,30.275229357798167,0.6719214368781496,57.94030236464659
E02000023,Barking and Dagenham 022,3.803941132451983,9.615864305313046,30.755799451234722,1.3344973808929907,54.48989773010726
E02000024,Barnet 001,2.8502905636011437,9.869938197583249,32.515450604187805,0.8394059588598837,53.92491467576792
E02000025,Barnet 002,3.6122116056863205,11.16289909112095,32.311815427639246,0.9554882311815428,51.95758564437194
E02000026,Barnet 003,3.2213102059780083,10.283413349852873,31.748490010840946,1.0840947808579835,53.66269165247019
E02000027,Barnet 004,4.073805328081269,11.620192806053696,32.611174458380844,1.3786669430911165,50.31616046439308
E02000028,Barnet 005,2.7399357110056637,9.96479412214909,32.66493188427981,0.7500382672585336,53.8803000153069
E02000029,Barnet 006,2.863049095607235,9.974160206718347,31.152454780361754,0.8062015503875969,55.20413436692506
E02000030,Barnet 007,3.236040609137056,10.1417089678511,31.450930626057527,1.1104060913705585,54.06091370558376
E02000031,Barnet 008,2.9528267915016206,10.094826551434402,32.325051014284,0.8762453486976354,53.75105029408235
E02000032,Barnet 009,2.6700251889168762,11.209068010075567,31.876574307304782,0.8438287153652394,53.40050377833753
E02000033,Barnet 010,3.0708661417322833,12.36220472440945,32.36220472440945,1.0348706411698538,51.16985376827896
E02000034,Barnet 011,2.9932871134587873,9.045889732585012,31.02233960603059,1.2105205238252448,55.727963024100355
E02000035,Barnet 012,3.000820536865549,10.901418356581878,31.590669323643183,0.8557027312155667,53.65138905169382
E02000036,Barnet 013,3.059409462824618,10.939167556029883,31.759160441124155,1.1383849163998576,53.103877623621486
E02000037,Barnet 014,2.842377260981912,9.376153562200074,30.214101144333704,0.7659653008490218,56.801402731635285
E02000038,Barnet 015,3.153279223808191,11.008489597910252,31.63541375128277,1.0542028174269988,53.14861460957179
E02000039,Barnet 016,2.34375,8.189174107142858,30.76171875,0.8510044642857142,57.85435267857143
E02000040,Barnet 017,3.23957535296049,9.379446207726826,28.937287950093026,0.9083944401882457,57.535296049031416
E02000041,Barnet 018,2.7392913802221046,10.978318350079324,32.14172395557906,0.8355367530407193,53.30512956107879
E02000042,Barnet 019,3.737347521411887,12.068518037892552,32.07024829137469,0.9948957522277013,51.128990397093176
E02000043,Barnet 020,2.1259738544830316,9.441436682952595,30.714380034332496,0.6338307143800344,57.08437871385185
E02000044,Barnet 021,3.505201266395296,10.617367706919946,31.648575305291722,1.3003165988240615,52.92853912256897
E02000045,Barnet 022,3.4971015869999054,10.643352656086668,31.882543001045327,1.1498622065950774,52.827140549273025
E02000046,Barnet 023,2.470199626597731,9.019100962228924,30.84877208099957,0.8616975441619992,56.80022978601178
E02000047,Barnet 024,3.6060019361084223,10.874475637302355,32.89770893836722,1.1697321716682803,51.45208131655372
E02000048,Barnet 025,2.6743168336088687,9.413595254303218,30.370514441310902,0.7390839249246329,56.802489545852374
E02000049,Barnet 026,3.646031143182681,9.969616407140144,30.440562096467904,1.110900113938473,54.832890239270796
E02000050,Barnet 027,3.4977837733667374,11.03295432645982,31.065715937560224,1.2141067643091155,53.1894391983041
E02000051,Barnet 028,2.685589519650655,10.19650655021834,31.419213973799128,1.01528384279476,54.68340611353712
E02000052,Barnet 029,2.55863539445629,9.950248756218906,30.97776424002437,1.0660980810234542,55.44725352827699
E02000054,Barnet 031,2.9616039837504915,9.540034071550256,32.4203905123837,0.9042065260123182,54.173764906303234
E02000055,Barnet 032,2.498933901918977,9.859275053304904,30.618336886993603,0.7846481876332624,56.23880597014925
E02000056,Barnet 033,2.03723986856517,7.5355969331872945,28.83899233296824,0.9967141292442497,60.591456736035056
E02000057,Barnet 034,2.3087482840384377,8.061899413453139,26.332210158492448,1.1730937227006115,62.12404842131536
E02000058,Barnet 035,2.4743276283618583,8.987775061124696,27.070904645476773,0.7921760391198044,60.674816625916876
E02000059,Barnet 036,3.2940569364410424,11.00025802012557,35.20254579857229,1.1180872108024427,49.38505203405866
E02000060,Barnet 037,2.872469285343485,8.842360269942896,21.482955528638172,1.1420661014016267,65.66014881467382
E02000061,Barnet 038,2.7195399544746612,9.811908470109021,28.297591949203305,1.0662513477896252,58.10470827842339
E02000062,Barnet 039,3.894797355561943,10.908306984765739,32.85426846795056,1.2647312446105201,51.07789594711124
E02000063,Barnet 040,3.6392405063291138,11.04957805907173,31.526898734177216,1.3449367088607596,52.43934599156118
E02000064,Barnet 041,3.431225651783039,9.874138447707521,31.49535510937968,1.2885825591848965,53.91069823194486
E02000065,Bexley 001,2.877340940096738,9.6614163462731,27.954855512836414,0.9301748728761007,58.57621232791765
E02000066,Bexley 002,3.701346908473857,12.546399406087602,31.350090147417543,1.1666136387739952,51.235549899247005
E02000067,Bexley 003,3.2362143136488073,10.960109503324208,33.672272193977314,1.046147829487681,51.085256159561986
E02000068,Bexley 004,3.6203522504892365,10.95890410958904,31.604696673189824,1.039628180039139,52.77641878669276
E02000069,Bexley 005,3.4664448141985575,12.673322240709927,32.54298391569606,1.0953965612867445,50.22185246810871
E02000070,Bexley 006,3.6119329388560155,12.894477317554239,33.69082840236686,1.1094674556213018,48.69329388560158
E02000071,Bexley 007,2.959582790091265,11.851368970013038,34.83702737940026,0.9126466753585397,49.4393741851369
E02000072,Bexley 008,3.6211699164345403,10.871247291860104,31.42216032188177,1.2070566388115136,52.878365831012076
E02000073,Bexley 009,2.5079246690285286,10.973335819504008,35.288085027037106,0.8950214432220773,50.33563304120828
E02000074,Bexley 010,4.45773614716172,13.260354361810178,33.52894707143663,1.2413948764247829,47.511567543166684
E02000075,Bexley 011,2.8925619834710745,12.221387427998998,34.53543701477586,1.0267968945654895,49.32381667918858
E02000077,Bexley 013,3.206388206388206,12.395577395577394,33.18181818181819,1.3636363636363635,49.85257985257985
E02000078,Bexley 014,2.7984369091138284,11.269381066431363,35.0560947938989,0.907601159712593,49.96848607084331
E02000079,Bexley 015,3.192702394526796,12.303306727480045,33.30672748004561,1.04903078677309,50.14823261117446
E02000080,Bexley 016,2.9806259314456036,10.312965722801788,34.75409836065574,0.6060606060606061,51.346249379036266
E02000081,Bexley 017,4.117505417770286,12.448832169516013,33.987478930893325,0.9390801830002408,48.507103298820134
E02000082,Bexley 018,2.217223650385604,10.561268209083119,34.94001713796058,0.824764353041988,51.456726649528704
E02000083,Bexley 019,3.4433794817181393,11.199858004969826,34.407170749023784,1.2158324458643948,49.73375931842385
E02000084,Bexley 020,2.7800269905533064,10.211426000899685,34.89878542510122,0.8187134502923977,51.291048133153396
E02000085,Bexley 021,2.876523049868107,10.639366913704308,34.09119457354603,0.7285516894862455,51.66436377339531
E02000086,Bexley 022,2.7723599888548343,10.39286709389802,33.477291724714405,0.64084703259961,52.71663415993313
E02000087,Bexley 023,2.7896211475210135,10.427579485930076,31.843099037641615,0.9623583871360702,53.97734194177123
E02000088,Bexley 024,3.0459473412493545,10.686628807434175,33.453794527620026,0.9292720702116675,51.88435725348477
E02000089,Bexley 025,3.087282429170372,11.752001016389277,32.18142548596112,0.9909795451657984,51.98831152331343
E02000090,Bexley 026,3.704472346165819,10.864376880772024,32.904430839472866,1.400850887205562,51.125869046383734
E02000091,Bexley 027,3.787878787878788,11.944116489571035,34.553325462416375,0.9445100354191263,48.77016922471468
E02000092,Bexley 028,5.227306382348586,13.564341774026358,32.69657929808974,1.7917962387087218,46.719976306826595
E02000093,Brent 001,2.8542561252841625,10.271954197187842,34.90780500126294,0.8588027279616064,51.10718194830345
E02000094,Brent 002,3.040152963671128,10.994263862332696,32.88718929254302,1.0994263862332696,51.978967495219884
E02000095,Brent 003,2.6378667686132085,10.857306699799294,34.30182548026379,0.8697314345789926,51.333269616744715
E02000096,Brent 004,2.9874213836477987,11.79245283018868,34.49947589098532,0.9040880503144654,49.816561844863735
E02000097,Brent 005,3.273185060847671,11.34074695761645,33.95929500629459,1.0700797314309693,50.35669324381033
E02000098,Brent 006,3.6948066803935022,12.354152367879204,33.127430793868676,1.4985129261038665,49.32509723175475
E02000099,Brent 007,2.730125523012552,9.006276150627615,34.30962343096235,0.6171548117154811,53.336820083682014
E02000100,Brent 008,2.4882798413270826,11.143166245943021,35.953840605842046,0.865488640461594,49.549224666426255
E02000101,Brent 009,3.783457436103844,11.581807204668948,33.30650030187161,1.2779231233648622,50.05031193399074
E02000102,Brent 010,3.4346103038309117,12.549537648612946,32.84496217125015,1.0327849165365677,50.13810495976942
E02000103,Brent 011,3.5388471177944867,11.06766917293233,33.423558897243105,1.1428571428571428,50.82706766917293
E02000104,Brent 012,3.7979744136460556,11.727078891257996,34.23507462686567,1.7857142857142856,48.45415778251599
E02000105,Brent 013,3.3319788703778954,10.564811052417717,33.41121495327103,0.914262494920764,51.7777326290126
E02000106,Brent 014,3.757365014971506,10.673234811165845,33.681058630348694,1.25567468366657,50.63266685984738
E02000107,Brent 015,3.345521023765996,10.749542961608775,31.3254113345521,0.9597806215722121,53.61974405850092
E02000108,Brent 016,2.603305785123967,11.005509641873278,34.51790633608815,0.9504132231404958,50.92286501377411
E02000110,Brent 018,3.731343283582089,10.66797161732322,32.285294837288966,1.0521164668460974,52.26327379495963
E02000111,Brent 019,2.8004253810705424,10.076214108472174,33.879829847571784,1.249556894718185,51.993973768167315
E02000112,Brent 020,3.14069282492127,11.073282832581496,36.24138224529747,0.6383522001872499,48.90628989701251
E02000113,Brent 021,5.128737541528239,13.73546511627907,31.22923588039867,1.3289036544850499,48.577657807308974
E02000114,Brent 022,3.0680302356602933,10.137839039573143,30.84704313028012,0.9226322810137839,55.02445531347265
E02000115,Brent 023,3.433078172117838,10.426815124101136,31.373231268847135,1.333797262816052,53.433078172117845
E02000116,Brent 024,3.837154890032756,11.27749181094993,33.91436593355171,1.3921385119326157,49.57884885353299
E02000117,Brent 025,4.696458022461321,12.573627581873872,31.90921228304406,1.594282572842221,49.226419539778526
E02000118,Brent 026,2.4969010093855144,10.297503098990614,32.51283867540287,0.8411545953603683,53.85160262086064
E02000119,Brent 027,3.9616072268749414,12.007151594993884,29.349769455161383,1.5338289263197515,53.14764279665004
E02000120,Brent 028,3.1049013084941226,9.458860057662454,28.86449323575072,1.1532490574406742,57.41849634065203
E02000121,Brent 029,2.3529411764705883,9.787581699346406,32.64705882352941,0.8823529411764706,54.33006535947712
E02000122,Brent 030,3.4364681423504955,9.710162651339122,30.267824385471442,1.1617952794423383,55.4237495413966
E02000123,Brent 031,3.8223596995139197,11.975254087494475,32.1402268375313,1.141552511415525,50.920606864044785
E02000124,Brent 032,2.471368294153104,8.941129194293751,28.74221418525216,0.7434197307615029,59.101868595539486
E02000125,Brent 033,3.2394366197183095,9.979879275653923,30.0,1.2776659959758552,55.503018108651915
E02000126,Brent 034,4.24597364568082,11.456808199121522,30.283064909712053,1.5373352855051245,52.47681795998048
E02000127,Bromley 001,4.490889603429796,12.593783494105038,32.433011789924976,1.3183279742765275,49.163987138263664
E02000128,Bromley 002,2.978559506997047,9.539093593529337,31.351906534856848,0.9885736294774683,55.1418667351393
E02000130,Bromley 004,2.765250415380964,10.420128174697366,31.889389983384763,0.9257061476382624,53.99952527889865
E02000131,Bromley 005,2.7658559847401047,9.308536003814973,31.502145922746784,0.6962327134000954,55.72722937529805
E02000132,Bromley 006,2.532031726662599,9.731543624161073,32.21476510067114,0.6813097417124263,54.840349806792766
E02000133,Bromley 007,2.417929880033479,8.23956105272947,29.070956942248678,0.5579838184692644,59.713568306519115
E02000134,Bromley 008,2.4765957446808513,9.957446808510637,32.0,0.7659574468085106,54.800000000000004
E02000135,Bromley 009,5.450308985918347,12.298652618782292,31.921791105257824,1.3575119035558707,48.97173538648566
E02000136,Bromley 010,4.019488428745433,12.824082129806854,31.3902905863929,1.3224290934400558,50.443709761614755
E02000137,Bromley 011,2.2023809523809526,9.726190476190476,31.785714285714285,1.0595238095238095,55.226190476190474
E02000138,Bromley 012,2.5173508998941303,10.445829902364427,32.65498176685096,0.564639454181861,53.81719797670862
E02000139,Bromley 013,2.878630705394191,8.921161825726141,31.807572614107883,0.8169087136929462,55.57572614107884
E02000140,Bromley 014,4.6658986175115205,13.433179723502302,32.02764976958525,1.3133640552995391,48.55990783410139
E02000141,Bromley 015,2.7793141592920354,10.080199115044246,33.4070796460177,1.0232300884955752,52.71017699115043
E02000142,Bromley 016,2.3706896551724137,9.369328493647913,30.058983666061707,0.7372958257713249,57.46370235934665
E02000144,Bromley 018,2.027228460697605,8.54615919705853,31.83941170625062,0.5863062704958759,57.000894365497366
E02000145,Bromley 019,4.611375481531837,12.531157942442784,33.797869929753006,1.2689780194878768,47.7906186267845
E02000146,Bromley 020,2.947845804988662,10.575139146567718,31.539888682745826,0.7215007215007215,54.215625644197075
E02000147,Bromley 021,1.6971916971916972,8.498168498168498,30.34188034188034,0.5494505494505495,58.91330891330892
E02000148,Bromley 022,2.3345724907063197,9.263940520446097,31.985130111524164,0.7137546468401487,55.702602230483265
E02000149,Bromley 023,3.637031594415871,11.425422483468038,33.51702179769777,1.1878520695566985,50.232672054861624
E02000150,Bromley 024,2.430718647252231,9.640676373884453,32.22170032879286,0.9041803663691873,54.80272428370127
E02000151,Bromley 025,1.9220572640509013,9.703075291622481,33.09915164369035,0.5699893955461294,54.70572640509014
E02000152,Bromley 026,4.079327224802309,10.656457888791264,32.24551274005272,1.2049705033262206,51.81373164302748
E02000153,Bromley 027,1.998766193707588,8.52560148056755,30.919185687847005,0.7649599012954966,57.79148673658236
E02000154,Bromley 028,2.7667057444314183,9.437280187573272,33.83352872215709,0.7033997655334115,53.25908558030481
E02000155,Bromley 029,3.857442348008386,13.431167016072676,35.27603074772886,1.2159329140461215,46.21942697414396
E02000156,Bromley 030,2.7009437032216073,10.584119752684673,33.24113244386593,0.7077774162056621,52.76602668402213
E02000157,Bromley 031,2.3778229179113395,10.108734615844186,32.72792448321185,0.38236348428725053,54.403154498745366
E02000158,Bromley 032,3.3769902413970208,11.196712891628145,34.01386748844376,1.1042629686697483,50.30816640986132
E02000159,Bromley 033,2.1351313386711617,9.50976260710774,31.39485882848715,0.8147211687034697,56.14552605703048
E02000160,Bromley 034,2.429998766498088,10.472431232268411,32.79881583816454,0.6907610706796596,53.60799309238929
E02000161,Bromley 035,2.1948977246609975,9.859802344288669,34.17605148241783,0.5401057228223397,53.22914272581016
E02000162,Bromley 036,3.5092644581695676,12.731611454239191,32.27119595732734,1.0808534531162268,50.40707467714767
E02000163,Bromley 037,2.838258164852255,10.095904613789529,34.460860549507515,0.7776049766718507,51.82737169517885
E02000165,Bromley 039,2.3563859453430003,10.220301171221417,35.415504740658115,0.7389849414389291,51.26882320133854
E02000166,Camden 001,4.854744996772111,10.600387346675275,30.096836668818593,1.4202711426726922,53.027759845061325
E02000167,Camden 002,2.2089469297026953,7.1964434565156985,27.049180327868854,0.4584606835232009,63.08696860238955
E02000168,Camden 003,3.8786482334869437,9.946236559139784,28.763440860215056,1.1136712749615976,56.29800307219662
E02000169,Camden 004,1.6021175814990247,7.11897464474784,26.915575369183614,0.6547784898300362,63.70855391473948
E02000170,Camden 005,2.766199317923456,8.551218896046482,28.824049513704686,0.9725906277630416,58.88594164456234
E02000171,Camden 006,3.3964817320703653,9.309878213802437,28.836265223274694,1.2043301759133964,57.25304465493911
E02000172,Camden 007,5.471094218843769,12.50250050010002,29.515903180636126,2.1504300860172036,50.36007201440288
E02000173,Camden 008,2.442279460830108,6.939810489790471,27.305485119444818,0.6806352595756039,62.631789670359005
E02000174,Camden 009,4.575810042047984,10.920108830076677,29.161513727430126,1.3851100667820926,53.957457333663115
E02000175,Camden 010,3.0059458269103723,8.533362695441532,28.749174190706896,1.1341114292006167,58.57740585774059
E02000176,Camden 011,2.519445383834968,7.456881974974637,26.006087250591815,0.8623605005072709,63.15522489009131
E02000177,Camden 012,4.618284637134779,12.712064090480679,28.84071630537229,1.4373232799245994,52.39161168708766
E02000178,Camden 013,4.403010221273728,10.412220599797822,31.07941143434797,1.696057508704931,52.40930023587554
E02000179,Camden 014,3.183162289093756,9.35814924334667,27.18733692816142,0.7305618368411898,59.540789702556964
E02000180,Camden 015,3.6172103058763803,10.19164868638152,30.067267419723315,1.510343952278208,54.613529635740576
E02000181,Camden 016,2.3278850916295197,7.639920752847945,27.129767211490837,0.6934125804853888,62.20901436354631
E02000182,Camden 017,2.9506814669102153,8.430518476886329,28.270338625825488,1.067865673738935,59.28059575663903
E02000183,Camden 018,3.649058095112633,10.472928467922541,28.678698458701092,1.2910025029640364,55.908312475299695
E02000184,Camden 019,4.512797485406376,11.012572968118544,30.792546026044004,1.3022002694207453,52.37988325101033
E02000185,Camden 020,5.077685206034676,12.37333933798694,29.542895744201758,1.6775501013285294,51.32852961044809
E02000186,Camden 021,3.2138839787883655,9.448818897637794,29.889121002731798,1.044512293106219,56.40366382773582
E02000187,Camden 022,5.071574642126789,12.269938650306749,31.206543967280165,1.6462167689161553,49.80572597137014
E02000188,Camden 023,4.51505016722408,12.263099219620958,32.13489409141583,1.5328874024526198,49.55406911928651
E02000191,Camden 026,2.7553889409559513,8.02249297094658,31.602624179943767,0.9559512652296157,56.66354264292408
E02000192,Camden 027,5.195975371677429,11.8185913800871,30.920558642438806,1.7119687640786905,50.35290584171798
E02000193,Camden 028,4.16037577587653,10.132528099312196,30.296930045294413,1.241402449253481,54.168763630263385
E02000194,Croydon 001,2.638150037998046,10.530886982955161,33.70969492997503,0.6296819020736076,52.49158614699816
E02000195,Croydon 002,2.9740932642487046,10.683937823834198,32.673575129533674,1.2124352331606219,52.4559585492228
E02000196,Croydon 003,3.778114733383877,12.029315137730604,32.9921657821582,1.023502653525398,50.17690169320193
E02000197,Croydon 004,3.5346260387811634,11.534626038781164,33.72853185595568,0.7645429362880887,50.43767313019391
E02000198,Croydon 005,3.3865886588658864,11.116111611161115,33.6971197119712,0.9900990099009901,50.8100810081008
E02000199,Croydon 006,2.543682396291454,10.400570545584214,34.25650778556995,0.7726138119576845,52.0266254605967
E02000200,Croydon 007,2.8842966073599294,11.890816664824841,31.450989059564595,0.8067189744723174,52.967178693778315
E02000201,Croydon 008,3.7620800736309254,11.734928670041416,32.409111826967326,0.839852738150023,51.254026691210306
E02000202,Croydon 009,3.0462537798185685,11.445850599171239,34.561541046029795,0.7503639825288386,50.195990592451565
E02000203,Croydon 010,3.9422473320778404,12.303829252981794,33.33333333333333,1.3684871311989957,49.052102950408035
E02000204,Croydon 011,3.221128948731227,11.973070947695495,33.9513205592957,0.9735888140859659,49.88089073019161
E02000206,Croydon 013,4.048433311766337,11.03614012385618,32.332008503558555,1.0167298271559293,51.56668823366301
E02000207,Croydon 014,3.9878678948550883,11.795102224219276,33.767692653336326,1.35924511345765,49.09009211413166
E02000208,Croydon 015,3.7374574242842677,11.727883641719599,33.11239988953328,1.2703673018503174,50.15189174261254
E02000209,Croydon 016,2.988860703650601,10.830484173375979,34.49873166427705,0.8712914966361531,50.810631962060214
E02000210,Croydon 017,3.0758636520142315,9.91621714679215,33.58200390221508,0.8148743257201883,52.61104097325835
E02000211,Croydon 018,2.9013539651837523,11.351547388781432,35.191005802707934,0.8824951644100579,49.67359767891683
E02000212,Croydon 019,3.4774336750872,11.594968819363704,32.575837649297114,1.2366557446358737,51.115104111616105
E02000213,Croydon 020,3.297390217221441,11.204875761837787,32.19253008282544,1.2501953430223474,52.055008595092986
E02000214,Croydon 021,2.677998717126363,10.968569595894804,35.5035279025016,0.7536882617062219,50.096215522771004
E02000215,Croydon 022,3.3744925575101488,10.504059539918808,33.89715832205684,1.3024357239512856,50.921853856562926
E02000216,Croydon 023,3.1555431443730804,10.43004747277297,34.59927394582519,0.9215302987992181,50.893605138229546
E02000217,Croydon 024,3.077568134171908,10.532494758909854,33.534591194968556,0.7631027253668763,52.092243186582806
E02000218,Croydon 025,3.2678758806775594,11.272672762704241,32.75371008844251,1.0193374306700644,51.68640383750562
E02000219,Croydon 026,2.8050858565998165,11.154804037226373,37.200157294534016,0.9961987154279723,47.843754096211825
E02000221,Croydon 028,3.5362372225803482,12.09135279491666,33.40086564140344,1.2247904963624643,49.746753844737086
E02000222,Croydon 029,2.251497005988024,9.508982035928144,33.89221556886228,0.7425149700598803,53.604790419161674
E02000223,Croydon 030,4.970109014183565,12.530770132458095,31.3327863087563,1.371468760989333,49.79486578361271
E02000224,Croydon 031,2.27244505153359,9.710666832236434,34.248106295790386,0.7202284862784056,53.048553334161184
E02000225,Croydon 032,4.547272969729297,13.561808241098813,32.937725030004,1.2935058007734364,47.65968795839445
E02000226,Croydon 033,2.6799789805570153,10.825013137151865,35.70677877036258,0.8933263268523385,49.8949027850762
E02000227,Croydon 034,3.54482404315438,11.893141536090418,35.74792362359791,0.93329908382567,47.880811713331624
E02000228,Croydon 035,2.0613373554550023,10.08044243338361,32.52890899949723,0.641025641025641,54.68828557063852
E02000229,Croydon 036,5.54842847979474,15.266196279666453,31.510583707504814,1.6677357280307887,46.007055805003205
E02000230,Croydon 037,3.256832682601657,10.494238643938672,32.93019712408342,1.0379963812970194,52.28073516807923
E02000231,Croydon 038,2.408575031525851,9.722572509457756,31.828499369482977,0.8575031525851198,55.182849936948294
E02000232,Croydon 039,3.4855575278360496,11.731482975633371,34.27464902372115,1.2102630304986284,49.298047442310796
E02000233,Croydon 040,3.9912005028284097,9.742300439974859,32.03959773727216,0.8170961659333752,53.40980515399119
E02000234,Croydon 041,2.8574452322997144,10.847708752248915,33.442692348396655,0.9842311355699016,51.86792253148481
E02000235,Croydon 042,2.366090869502105,9.740165481201917,33.7059079692263,1.4661053853970099,52.72173029467267
E02000236,Croydon 043,2.3879943038667983,9.059042611457992,32.30364771606967,0.7120166502355132,55.53729871837003
E02000237,Croydon 044,3.2092595028278312,11.021965013810338,34.289096409312116,0.9996054189135868,50.480073655136124
E02000238,Ealing 001,2.7738862426449984,10.423087699635753,33.847015970860184,0.8592509573176427,52.096759129541425
E02000239,Ealing 002,2.532345460577242,10.383722216078734,35.9504589185005,0.8736038925135464,50.25986951232998
E02000240,Ealing 003,3.7648318315639218,11.660272994914802,34.65964849674369,1.3025247568917833,48.61272191988581
E02000241,Ealing 004,2.528735632183908,10.85868830290737,36.13252197430696,0.878972278566599,49.60108181203516
E02000242,Ealing 005,2.933488237002614,12.126052860877142,33.807725820505375,0.9729886726691839,50.159744408945684
E02000243,Ealing 006,3.324925475808301,11.809218069250171,36.83788121990369,1.3185049300619125,46.70947030497592
E02000244,Ealing 007,2.9281277728482697,11.446317657497781,32.475598935226266,0.9760425909494232,52.17391304347826
E02000245,Ealing 008,3.8461538461538463,11.302105715513537,32.1336484744306,1.2247529007305544,51.49333906317146
E02000246,Ealing 009,3.8262340133178308,11.024204629531761,33.41084451960681,1.2049466229785435,50.53377021456505
E02000247,Ealing 010,3.9451268716937147,12.023670761230163,32.68178965300816,1.3538958127857976,49.995516901282166
E02000248,Ealing 011,3.071141635350525,8.79875599326163,32.35713360114034,0.9977970714008034,54.775171698846705
E02000249,Ealing 012,3.712103127238004,12.258295535927429,32.2272618763428,1.1458582000477442,50.65648126044402
E02000250,Ealing 013,2.0052444855776645,9.362949251889557,30.325466604966838,0.7095480487428659,57.596791608823075
E02000251,Ealing 014,3.28361799374549,12.232379119557372,36.64902573971614,1.0704835217705075,46.76449362521049
E02000252,Ealing 015,2.5902925314593888,10.156888380454323,34.049681320477205,0.9396960287628698,52.26344173884622
E02000253,Ealing 016,4.321345707656612,13.379737045630316,33.42034029389018,1.3437741686001548,47.53480278422274
E02000254,Ealing 017,3.6920403952655017,13.877728309262677,36.45346943207732,0.9121511564773591,45.06461070691714
E02000255,Ealing 018,3.1535185560738186,9.69377408233624,31.758264043804502,0.9125937943621983,54.48184952342324
E02000256,Ealing 019,2.657083741696613,8.602853098116084,31.667211151039965,0.7840574975498202,56.288794511597516
E02000258,Ealing 021,2.7822054774670337,9.100130415881756,31.633096652659038,0.5941167946674395,55.89045065932473
E02000259,Ealing 022,2.293438639125152,9.978736330498178,31.773997569866342,0.8353584447144593,55.11846901579587
E02000260,Ealing 023,4.218765883907696,13.256074006302734,33.96360679068822,1.0369014943580361,47.524651824743316
E02000261,Ealing 024,3.058804932026557,9.049952576667721,31.006955422067655,0.9563705343028771,55.927916534935186
E02000262,Ealing 025,3.530166880616174,10.023534445870775,30.209670517757807,1.2409071459135643,54.99572100984168
E02000263,Ealing 026,3.8520463996498138,12.052236083752826,34.54439337564748,1.094331363536879,48.456992777413
E02000264,Ealing 027,2.6021429412457318,8.783704227010478,31.732014600259035,1.1656658424584954,55.716472389026265
E02000265,Ealing 028,3.497997329773031,10.734312416555406,30.867823765020024,1.1748998664886516,53.72496662216288
E02000266,Ealing 029,4.331249046820193,12.101570840323319,32.400488028061616,1.3115754155863963,49.85511666920848
E02000267,Ealing 030,2.687116564417178,9.460122699386503,31.484662576687118,0.7852760736196319,55.582822085889575
E02000268,Ealing 031,2.8864864864864863,10.4,32.054054054054056,0.9297297297297298,53.729729729729726
E02000269,Ealing 032,1.995836904616138,8.130280396718502,30.64772866413616,0.5387535202644791,58.68740051426472
E02000270,Ealing 033,3.4353529044347284,9.129710597543202,29.335831771809286,1.3533208411409536,56.74578388507183
E02000271,Ealing 034,1.6115107913669064,7.280575539568346,28.805755395683452,0.46043165467625896,61.84172661870504
E02000272,Ealing 035,3.0379746835443036,8.801191362621,32.1072226358898,0.774385703648548,55.27922561429636
E02000275,Ealing 038,3.905006732770229,12.743297833272127,34.26367976496511,1.175174439955931,47.9128412290366
E02000276,Ealing 039,2.0118343195266273,8.402366863905325,32.42603550295858,0.680473372781065,56.4792899408284
E02000277,Enfield 001,4.17331206804891,12.679425837320574,33.43965975544923,1.1297182349813928,48.57788410419989
E02000278,Enfield 002,4.655355249204666,13.57370095440085,32.3541887592789,2.0572640509013786,47.35949098621421
E02000279,Enfield 003,3.685663257022244,11.162526384153272,33.99090761487255,1.3476213671050497,49.81328137684689
E02000280,Enfield 004,3.9958304378040306,11.825341672457727,32.59207783182766,1.2161223071577485,50.37062775075284
E02000281,Enfield 005,3.8322112894873124,11.393060590367684,31.76592439150699,1.7089590885551527,51.29984464008286
E02000282,Enfield 006,4.652798713697115,12.13948346899809,31.504371419957796,1.6480755702944427,50.05527082705255
E02000283,Enfield 007,3.795244230994495,11.479442427082114,33.981492327515525,1.4290734450040998,49.31474756940377
E02000284,Enfield 008,3.191854478892575,10.765358654616177,33.691797277199406,0.8694657361857911,51.48152385310605
E02000285,Enfield 009,2.513546056592414,11.00240818783865,35.129440096327514,0.8278145695364238,50.52679108970499
E02000286,Enfield 010,2.6470249741051903,10.66866152606744,33.19139141443204,0.9437219472896765,52.549200138105654
E02000287,Enfield 011,3.4806254248810333,10.591434398368458,29.993201903467032,1.1284840244731476,54.80625424881034
E02000288,Enfield 012,4.34918648310388,11.991551939924907,33.025657071339175,1.1576971214017522,49.47590738423029
E02000289,Enfield 013,2.6280820906540674,10.217038240070869,33.397312859884835,0.8711058615089325,52.8864609478813
E02000290,Enfield 014,4.323758228605625,10.517654099341712,33.198683423099936,1.4063435068821066,50.553560742070616
E02000291,Enfield 015,3.6410155481204485,11.296988781735879,33.015154497146234,1.2497539854359379,50.79708718756151
E02000292,Enfield 016,3.2635217568117123,11.213908092720617,33.32655551037007,1.0471736478243188,51.14884099227328
E02000293,Enfield 017,2.5949663904955447,9.817101766453025,32.265124277004844,0.7347193997186181,54.588088166327964
E02000294,Enfield 018,4.1092966165012275,12.754829757711603,32.500800512327885,1.504963176432917,49.13010993702636
E02000295,Enfield 019,2.991944764096663,10.851553509781358,31.231300345224394,0.7710011507479863,54.1542002301496
E02000296,Enfield 020,3.5679752465673955,11.545155675884741,33.41713401663121,0.9766002707406691,50.493134790175986
E02000297,Enfield 021,3.0112789955309642,11.608852947435624,34.15620344754203,1.0534156203447542,50.17024898914663
E02000298,Enfield 022,2.265842723857991,9.378407851690294,31.45522840179329,0.666424330546468,56.234096692111954
E02000299,Enfield 023,4.233361415332772,12.131423757371525,33.993260320134794,1.4848357203032856,48.15711878685762
E02000300,Enfield 024,3.884372177055104,11.766034327009937,34.63188798554652,1.084010840108401,48.633694670280036
E02000301,Enfield 025,4.374204912418045,12.760544084548389,32.067716997749294,1.4482826108229767,49.3492513944613
E02000302,Enfield 026,3.657973690283868,10.939303023309485,34.11031617816755,0.830833141010847,50.46157396722825
E02000303,Enfield 027,4.94801003944066,13.314210589219552,32.66403728935102,1.5656746743157641,47.508067407672996
E02000304,Enfield 028,2.238527546325084,10.533515731874145,33.714712100485016,0.8829747543837831,52.630269866931975
E02000305,Enfield 029,2.692957746478873,10.208450704225353,33.498591549295774,0.8,52.800000000000004
E02000306,Enfield 030,5.233194657324283,12.940661265601051,31.96846945478432,1.8283336982701994,48.02934092402014
E02000307,Enfield 031,3.2535601265822787,11.095727848101266,35.897943037974684,1.0878164556962027,48.664952531645575
E02000308,Enfield 032,3.3105022831050226,11.438356164383562,32.146118721461185,1.2442922374429224,51.86073059360731
E02000309,Enfield 033,3.9596404951670343,11.387146006443954,32.67763269459047,1.051382058673902,50.92419874512464
E02000311,Enfield 035,3.8410470409711683,11.617981790591806,33.34597875569044,1.1760242792109257,50.01896813353566
E02000312,Enfield 036,3.043170559094126,10.571479122434537,32.79370134465675,0.9642604387827318,52.62738853503185
E02000313,Greenwich 001,4.037602095854523,11.927877947295423,31.129603945137923,1.3561411619664046,51.548774849745726
E02000314,Greenwich 002,3.161999291031549,9.805033676001418,30.294221907125134,0.914569301666076,55.824175824175825
E02000315,Greenwich 003,4.275582573454914,10.628166160081054,30.648429584599796,1.1246200607902737,53.323201621073956
E02000317,Greenwich 005,4.828681042465935,11.522688186268025,31.988358248445564,1.270009260484191,50.39026326233629
E02000318,Greenwich 006,3.9045553145336225,12.120390455531453,34.137744034707154,1.2472885032537961,48.590021691973966
E02000319,Greenwich 007,3.4846487097381806,11.650028253908458,33.09474477302693,0.9888867960067809,50.78169146731965
E02000320,Greenwich 008,3.2523789234483735,11.234199687544383,32.1971310893339,1.0935946598494533,52.22269563982389
E02000321,Greenwich 009,4.895738893925658,12.381815826965418,32.96205154772698,1.4764926822950395,48.28390104908691
E02000323,Greenwich 011,2.8460342146189737,10.824261275272162,33.70139968895801,0.9020217729393468,51.726283048211506
E02000324,Greenwich 012,4.791560752414846,13.141840366039654,31.443823080833756,1.1311642094560244,49.49161159125572
E02000326,Greenwich 014,2.6798307475317347,9.860238492114373,32.286190537248366,1.0514168483138864,54.122323374791634
E02000327,Greenwich 015,3.516450347117416,11.243585873830366,30.06338665861757,1.4790220344099003,53.69755508602475
E02000328,Greenwich 016,3.3476658476658474,10.350122850122851,31.296068796068795,1.0442260442260443,53.96191646191646
E02000329,Greenwich 017,4.153506001263424,12.69740998104864,32.833228048010106,1.3423878711307644,48.973468098547066
E02000331,Greenwich 019,4.249635745507528,11.23118018455561,32.673627974745024,1.481301602719767,50.36425449247207
E02000332,Greenwich 020,3.099838969404187,10.587761674718196,33.0246913580247,1.0198604401502953,52.26784755770263
E02000333,Greenwich 021,3.3322652995834665,9.596283242550465,30.230695289971166,0.9612303748798462,55.87952579301506
E02000334,Greenwich 022,4.081940051212532,10.754631721644827,33.242958276848924,1.2200632625395391,50.70040668775418
E02000335,Greenwich 023,2.7261833433193527,11.114439784301977,34.22708208508089,0.9436788496105452,50.98861593768724
E02000337,Greenwich 025,4.922096317280453,13.231822474032107,34.28942398489141,1.5226628895184136,46.03399433427762
E02000339,Greenwich 027,3.4016849467493246,11.285964075663646,32.474964234620884,1.0332220632649818,51.80416467970116
E02000340,Greenwich 028,3.685897435897436,12.004662004662006,32.67773892773892,0.8304195804195804,50.80128205128205
E02000341,Greenwich 029,5.140712945590995,13.333333333333334,32.00750469043152,1.7510944340212633,47.767354596622894
E02000342,Greenwich 030,4.033401607058453,10.792500393886876,32.31447928155034,1.165905152040334,51.693713565463995
E02000343,Greenwich 031,4.966652476231021,12.97005818078615,33.10628636299134,1.3197105151128141,47.63729246487867
E02000344,Greenwich 032,2.9082426127527214,11.166407465007776,32.892690513219286,1.244167962674961,51.788491446345255
E02000345,Hackney 001,2.6832540553726063,6.488596170264667,18.819368215636054,0.7805829979265764,71.2281985608001
E02000346,Hackney 002,3.8195552718374297,11.448026385785722,30.684115331418237,1.3512075752739654,52.69709543568465
E02000347,Hackney 003,2.5389427204709922,6.929964430271066,22.163620753097018,1.0057647491720838,67.36170734698884
E02000348,Hackney 004,3.676289168517148,8.795953614606464,21.798667653589934,1.2830002467308166,64.44608931655563
E02000350,Hackney 006,2.7926960257787328,8.61244019138756,27.809784200761644,1.0252904989747096,59.75978908309736
E02000351,Hackney 007,3.2306698255438295,9.508938186517337,29.51755330605212,1.3568813267284083,56.3859573551583
E02000352,Hackney 008,3.8968736109053195,10.031115720847533,28.656097199585123,1.1853607941917321,56.23055267447029
E02000353,Hackney 009,2.834686251771679,8.851952068032471,28.514366705321482,1.2627238757892023,58.53627109908517
E02000354,Hackney 010,4.131543344780934,10.708710583827662,29.805390779477577,1.8524300135289833,53.501925278384846
E02000355,Hackney 011,3.2706858677080795,10.056138638027825,29.86331462045399,1.9770563827190626,54.832804491091046
E02000356,Hackney 012,2.814899061700313,8.359397213534262,29.087290304236564,0.995166334944555,58.74324708558431
E02000357,Hackney 013,5.186267348429511,12.753834915997079,30.051132213294373,1.7531044558071585,50.25566106647188
E02000358,Hackney 014,3.507664562669071,10.802524797114517,30.108205590622184,1.2533814247069432,54.328223624887286
E02000359,Hackney 015,3.673835125448029,10.498805256869773,29.778972520908003,1.3888888888888888,54.659498207885306
E02000360,Hackney 016,4.395413481584433,11.231758165392634,30.97637248088951,1.7373175816539264,51.659138290479504
E02000361,Hackney 017,3.4495594986971088,10.261819084253629,29.879637672167764,1.0299044546469784,55.37907929023452
E02000362,Hackney 018,4.252262605947421,12.009768711392041,31.044390173825597,1.422209452664847,51.27136905617009
E02000363,Hackney 019,4.729843460696852,10.848342029961286,29.927621612523144,1.4728160242383437,53.021376872580376
E02000364,Hackney 020,3.9605034722222223,10.44921875,29.05815972222222,1.3020833333333335,55.23003472222222
E02000366,Hackney 022,4.923150816522575,12.031700288184439,28.75840537944284,1.6810758885686838,52.60566762728146
E02000367,Hackney 023,2.9654510556621885,8.761996161228407,28.61804222648752,1.017274472168906,58.63723608445297
E02000368,Hackney 024,5.321507760532151,12.537794799435598,28.83491231606531,1.9250151179197743,51.38077000604717
E02000369,Hackney 025,3.767835909631391,9.750297265160523,29.88258026159334,1.3302615933412605,55.269024970273485
E02000370,Hackney 026,3.9043105393816293,9.343263371699392,29.135635296772737,1.3202437373053486,56.29654705484089
